200 0.00338
201 0.002711
202 0.002715
203 0.002931
204 0.003201
205 0.003118
206 0.003207
207 0.002834
208 0.002984
209 0.002769
210 0.003024
211 0.002716
212 0.002488
213 0.002581
214 0.002372
215 0.0026
216 0.002435
217 0.00258
218 0.002561
219 0.002469
220 0.002441
221 0.002586
222 0.002686
223 0.002964
224 0.003636
225 0.004368
226 0.005022
227 0.005514
228 0.005874
229 0.006287
230 0.007024
231 0.008103
232 0.00955
233 0.011536
234 0.013921
235 0.016008
236 0.017221
237 0.017645
238 0.017858
239 0.017606
240 0.01673
241 0.015175
242 0.013657
243 0.013036
244 0.012693
245 0.01188
246 0.010669
247 0.009417
248 0.008679
249 0.00863
250 0.008571
251 0.007841
252 0.006807
253 0.006314
254 0.006221
255 0.006251
256 0.006524
257 0.006335
258 0.005414
259 0.005096
260 0.00519
261 0.005087
262 0.005418
263 0.00643
264 0.006136
265 0.005995
266 0.006805
267 0.006825
268 0.005782
269 0.006758
270 0.008846
271 0.010833
272 0.012034
273 0.012671
274 0.013198
275 0.013612
276 0.013686
277 0.013326
278 0.013111
279 0.013219
280 0.013256
281 0.013191
282 0.0131
283 0.012991
284 0.01284
285 0.012636
286 0.012403
287 0.012151
288 0.011941
289 0.011789
290 0.01167
291 0.011566
292 0.011457
293 0.011332
294 0.011204
295 0.011124
296 0.011089
297 0.011082
298 0.011042
299 0.010939
300 0.010788
301 0.010641
302 0.01054
303 0.010562
304 0.010701
305 0.010907
306 0.011094
307 0.011232
308 0.011347
309 0.011461
310 0.01163
311 0.01188
312 0.012147
313 0.012359
314 0.01242
315 0.012374
316 0.012314
317 0.012355
318 0.012648
319 0.013341
320 0.014424
321 0.015744
322 0.017102
323 0.018292
324 0.019314
325 0.020204
326 0.021178
327 0.022395
328 0.023872
329 0.025195
330 0.026169
331 0.026649
332 0.02691
333 0.027187
334 0.027993
335 0.029883
336 0.03387
337 0.041496
338 0.054756
339 0.078279
340 0.112076
341 0.195864
342 0.279282
343 0.383703
344 0.502708
345 0.612044
346 0.70468
347 0.771613
348 0.826614
349 0.873516
350 0.912652
351 0.951524
352 0.983657
353 1.01329
354 1.03928
355 1.06427
356 1.09108
357 1.11641
358 1.14255
359 1.17124
360 1.2022
361 1.23731
362 1.27329
363 1.31429
364 1.3601
365 1.41413
366 1.4683
367 1.527
368 1.59351
369 1.66549
370 1.74157
371 1.82415
372 1.9153
373 2.00886
374 2.1149
375 2.22704
376 2.35071
377 2.49036
378 2.64685
379 2.8256
380 3.02391
381 3.27646
382 3.55804
383 3.89992
384 4.29867
385 4.76514
386 5.34516
387 6.07405
388 6.95762
389 8.1131
390 9.65099
391 11.4499
392 13.831
393 16.8724
394 20.8996
395 26.1308
396 32.951
397 41.1264
398 51.9491
399 64.7235
400 77.5526
401 92.9967
402 110.227
403 126.987
404 137.435
405 183.409
406 251.328
407 342.153
408 458.31
409 609.536
410 793.232
411 1021.39
412 1289.86
413 1595.5
414 1919.96
415 2322.43
416 2733.13
417 3224.16
418 3737.47
419 4360.39
420 5097.35
421 5759.87
422 6462.72
423 7336.06
424 8163.43
425 9085.66
426 9915.4
427 10857.4
428 11833.6
429 12515.7
430 12444
431 13831
432 14622.7
433 15132.2
434 15735.3
435 15346.1
436 16085
437 16898.6
438 18324.7
439 18020.5
440 18480.6
441 19830.8
442 20199.7
443 20106.2
444 20779.6
445 21606.7
446 22157.9
447 23224.3
448 23475.4
449 22737.9
450 23994.2
451 26808.3
452 26162.3
453 26974.8
454 27662.1
455 28572
456 27143.4
457 29147.3
458 28200.9
459 30801
460 30370.2
461 29344.2
462 30159.3
463 35023.7
464 31700.3
465 30584.1
466 32901.1
467 33666.2
468 37119.2
469 33929.3
470 35023.7
471 35023.7
472 34743.6
473 34743.6
474 34196.4
475 38776.3
476 36495.3
477 33666.2
478 36191.2
479 36495.3
480 38776.3
481 37439.2
482 38433.1
483 36495.3
484 38776.3
485 40212.5
486 38776.3
487 35892.1
488 37439.2
489 43429.4
490 36495.3
491 36804.6
492 36495.3
493 35023.7
494 38776.3
495 36495.3
496 37439.2
497 36191.2
498 36191.2
499 34196.4
500 35023.7
501 35023.7
502 33929.3
503 35308.5
504 35023.7
505 36495.3
506 35308.5
507 34743.6
508 36495.3
509 37439.2
510 33152.3
511 36191.2
512 34467.8
513 36495.3
514 36495.3
515 36495.3
516 36191.2
517 35892.1
518 35308.5
519 35892.1
520 36191.2
521 32901.1
522 35597.9
523 31244.2
524 32170
525 31470.6
526 30584.1
527 29147.3
528 27487
529 27487
530 25697.9
531 25249.7
532 26005.7
533 25397.3
534 25249.7
535 26643.8
536 28953
537 28019
538 30584.1
539 29951.3
540 30584.1
541 29147.3
542 29344.2
543 27662.1
544 27143.4
545 27839.4
546 28572
547 27487
548 26974.8
549 26643.8
550 25249.7
551 25103.7
552 24262.3
553 23349.2
554 22978.5
555 22271.5
556 22045.4
557 22271.5
558 20680.7
559 21185.1
560 20980.4
561 20980.4
562 20980.4
563 21082.3
564 21606.7
565 21185.1
566 20106.2
567 19302
568 19562.8
569 19216.6
570 19216.6
571 18800.6
572 19475.1
573 20106.2
574 20485.6
575 21934.1
576 21823.8
577 22502.3
578 22737.9
579 22619.5
580 22857.6
581 23603
582 23994.2
583 24675.8
584 23349.2
585 22978.5
586 22857.6
587 22502.3
588 22386.3
589 22157.9
590 21288.9
591 21499.7
592 21082.3
593 20013.6
594 19475.1
595 19131.9
596 18247.7
597 17582.8
598 16205
599 16265.7
600 15735.3
601 14975.7
602 13919.7
603 13404.2
604 12515.7
605 11931.2
606 11309.8
607 10830.3
608 10414.7
609 10490.2
610 10776.5
611 11489.3
612 12551.9
613 13321.9
614 14286
615 15132.2
616 15792.5
617 15792.5
618 16144.8
619 15966.7
620 15185.1
621 15132.2
622 14721.8
623 14333.2
624 13919.7
625 13321.9
626 12848.9
627 12444
628 11997.1
629 11339.3
630 10340.3
631 9892.81
632 9201.15
633 8565.97
634 8256.55
635 7881.93
636 7579.31
637 7360.92
638 7323.68
639 7214.19
640 7214.19
641 7166.58
642 7073.2
643 6993.47
644 6817.81
645 6681.45
646 6540.58
647 6414.98
648 6330.82
649 6312.42
650 6377.31
651 6511.16
652 6733.25
653 7061.7
654 7539.83
655 8072.39
656 8738.32
657 9503.16
658 10147.1
659 10749.9
660 11519.7
661 12131.1
662 12588.2
663 13002.8
664 13487.4
665 13787.1
666 14100.5
667 14286
668 14333.2
669 14192.6
670 14286
671 14100.5
672 14100.5
673 13964.5
674 13614.2
675 13487.4
676 13281.2
677 13041.9
678 12964
679 12698.7
680 12551.9
681 12233.6
682 12097.3
683 11801.5
684 11612.2
685 11251.2
686 11280.4
687 11078.9
688 10592.5
689 10218.7
690 9781.41
691 9544.93
692 9319.62
693 9047.8
694 8791.39
695 8384.06
696 8148.11
697 7954.11
698 7646.03
699 7360.92
700 7061.7
701 6722.82
702 6330.82
703 5900.74
704 5449.12
705 5055.81
706 4615.24
707 4208.28
708 3792.96
709 3463.27
710 3151.63
711 2855.32
712 2589.71
713 2411.41
714 2283.36
715 2256.08
716 2303.95
717 2426.23
718 2640.09
719 2918.65
720 3228.96
721 3565.64
722 3966.16
723 4308.48
724 4639.9
725 4772.47
726 4777.72
727 4736.04
728 4605.46
729 4395.69
730 4179.93
731 3955.32
732 3740.69
733 3477.14
734 3226.56
735 3020.13
736 2816.44
737 2602.12
738 2404.73
739 2207.9
740 2009.69
741 1831.69
742 1676.17
743 1543.34
744 1434.26
745 1358.02
746 1303.4
747 1265.06
748 1236.25
749 1216.51
750 1204.37
751 1194.43
752 1187.57
753 1174.4
754 1150.45
755 1121.34
756 1090.64
757 1058.22
758 1029.38
759 1007.18
760 999.757
761 1001.14
762 1012.11
763 1042.97
764 1090.92
765 1161.53
766 1254.46
767 1373.05
768 1525.45
769 1699.12
770 1909.83
771 2152.1
772 2403.4
773 2657.86
774 2928.49
775 3172.35
776 3430.45
777 3680.46
778 3923.17
779 4140.08
780 4377.97
781 4586
782 4788.25
783 4907.28
784 4986.16
785 5097.35
786 5232.46
787 5238.78
788 5251.44
789 5164.02
790 5127.44
791 5026.56
792 5009.16
793 4912.83
794 4762
795 4674.86
796 4571.52
797 4413.56
798 4224.65
799 4077.88
800 3923.17
